[gd_scene load_steps=3 format=3 uid="uid://df7o8g0yaa26"]

[ext_resource type="PackedScene" uid="uid://dba34ueciwb1u" path="res://MREGodotRuntime/Scenes/Default_Right_Hand.gltf" id="1_mp4yd"]
[ext_resource type="Script" path="res://MREGodotRuntime/Scripts/Player/DefaultRightHand.cs" id="2_66v63"]

[node name="Default_Right_Hand" instance=ExtResource("1_mp4yd")]
script = ExtResource("2_66v63")

[node name="Skeleton3D" parent="Right_Hand" index="0"]
bones/0/position = Vector3(-0.0892268, -0.0793568, -0.0514348)
bones/0/rotation = Quaternion(0.187413, 0.912641, 0.127975, -0.339977)
bones/1/rotation = Quaternion(-0.460891, -0.0302438, -0.0978163, 0.881531)
bones/2/rotation = Quaternion(-0.674768, -0.0104028, 0.0134683, 0.737834)
bones/3/rotation = Quaternion(-0.354552, 0.100184, 0.0124156, 0.929571)
bones/5/rotation = Quaternion(-0.28283, -0.0989356, -0.0251831, 0.953722)
bones/6/rotation = Quaternion(-0.340679, -0.088598, -0.0252536, 0.935655)
bones/7/rotation = Quaternion(-0.170511, 0.0835147, -0.00817467, 0.981776)
bones/8/rotation = Quaternion(-0.212027, 0.162486, 0.0481761, 0.962456)
bones/9/rotation = Quaternion(-0.533496, 0.0316876, -0.134745, 0.834399)
bones/10/rotation = Quaternion(-0.74926, 0.042424, 0.0351197, 0.659983)
bones/11/rotation = Quaternion(-0.319281, 0.0877701, -0.00345871, 0.943581)
bones/13/rotation = Quaternion(-0.0896297, -0.708756, 0.317381, 0.623619)
bones/14/rotation = Quaternion(-0.2005, -0.000172848, 0.00946453, 0.979648)
bones/15/rotation = Quaternion(0.0442188, 4.48507e-05, 0.0217853, 0.998784)
bones/17/rotation = Quaternion(-0.54993, 0.13073, -0.154781, 0.810265)
bones/18/rotation = Quaternion(-0.684916, 0.0461588, 0.0119901, 0.727059)
bones/19/rotation = Quaternion(-0.365695, 0.172769, 0.0790296, 0.911138)

[node name="Index_Tip" type="BoneAttachment3D" parent="Right_Hand/Skeleton3D" index="1"]
transform = Transform3D(-0.947194, 0.244215, 0.207802, -0.00826582, -0.666425, 0.745526, 0.320553, 0.70444, 0.633253, 0.0113933, 0.0148026, 0.00829732)
bone_name = "Index_Tip_R"
bone_idx = 8

[node name="Index_Tip_Remote" type="RemoteTransform3D" parent="Right_Hand/Skeleton3D/Index_Tip" index="0"]

[node name="Thumb_Tip" type="BoneAttachment3D" parent="Right_Hand/Skeleton3D" index="2"]
transform = Transform3D(-0.0647426, 0.64623, 0.760391, 0.749608, 0.534478, -0.39041, -0.658707, 0.544719, -0.519023, 0.0162624, -0.0164534, -0.0123791)
bone_name = "Thumb_Tip_R"
bone_idx = 16

[node name="Thumb_Tip_Remote" type="RemoteTransform3D" parent="Right_Hand/Skeleton3D/Thumb_Tip" index="0"]

[node name="Wrist" type="BoneAttachment3D" parent="Right_Hand/Skeleton3D" index="3"]
transform = Transform3D(-0.698584, 0.429099, -0.572586, 0.255065, 0.896997, 0.361023, 0.668523, 0.106158, -0.736076, -0.0892268, -0.0793568, -0.0514348)
bone_name = "Wrist_R"
bone_idx = 0

[node name="Wrist_Remote" type="RemoteTransform3D" parent="Right_Hand/Skeleton3D/Wrist" index="0"]

[node name="Middle_Tip" type="BoneAttachment3D" parent="Right_Hand/Skeleton3D" index="4"]
transform = Transform3D(-0.90912, -0.265324, 0.321098, 0.152919, -0.929649, -0.335213, 0.387449, -0.255647, 0.885736, -0.0262197, -0.028997, -0.00243055)
bone_name = "Middle_Tip_R"
bone_idx = 4

[node name="Middle_Tip_Remote" type="RemoteTransform3D" parent="Right_Hand/Skeleton3D/Middle_Tip" index="0"]
